tests/resources/garpos_etl/skq201811s_ctd002svpavg.txt
* Sea-Bird SBE 9 Data File:
* FileName = D:\CTD\SKQ201811S\SKQ201811S_ctd002.hex
* Software Version Seasave V 7.26.6.26
* Temperature SN = 4551
* Conductivity SN = 2251
* Number of Bytes Per Scan = 37
* Number of Voltage Words = 4
* Number of Scans Averaged by the Deck Unit = 1
* NMEA Latitude = 54 20.55 N
* NMEA Longitude = 158 25.60 W
* NMEA UTC (Time) = May 15 2018  16:54:01
* NMEA baud rate = 4800
** Ship: R/V Sikuliaq
** Station Number: 002
** Station Name: GPSA2
** Depth: 2158 m
** Operator: EHR
** no PAR
# nquan = 7
# nvalues = 2141                        
# units = specified
# name 0 = depSM: Depth [salt water, m]
# name 1 = latitude: Latitude [deg]
# name 2 = longitude: Longitude [deg]
# name 3 = t090C: Temperature [ITS-90, deg C]
# name 4 = sal00: Salinity, Practical [PSU]
# name 5 = svCM: Sound Velocity [Chen-Millero, m/s]
# name 6 = flag: flag
# span 0 =      3.000,   2143.000       
# span 1 =   54.34259,   54.34376       
# span 2 = -158.43446, -158.42674       
# span 3 =     1.8462,     6.5241       
# span 4 =    32.2461,    34.6076       
# span 5 =    1469.29,    1492.96       
# span 6 = 0.0000e+00, 0.0000e+00       
# interval = meters: 1                  
# start_time = May 15 2018 16:54:01 [NMEA time, header]
# bad_flag = -9.990e-29
*END*
[from data line 1642]
   1645.000   54.34346 -158.43158     2.1155    34.5523    1485.54 0.0000e+00
   1646.000   54.34346 -158.43158     2.1152    34.5523    1485.56 0.0000e+00
   1647.000   54.34346 -158.43159     2.1151    34.5524    1485.57 0.0000e+00
   1648.000   54.34346 -158.43160     2.1146    34.5523    1485.59 0.0000e+00
   1649.000   54.34346 -158.43160     2.1139    34.5525    1485.60 0.0000e+00
   1650.000   54.34346 -158.43160     2.1135    34.5526    1485.62 0.0000e+00
   1651.000   54.34346 -158.43160     2.1131    34.5528    1485.63 0.0000e+00
   1652.000   54.34346 -158.43160     2.1123    34.5530    1485.64 0.0000e+00
   1653.000   54.34346 -158.43160     2.1120    34.5530    1485.66 0.0000e+00
   1654.000   54.34346 -158.43160     2.1109    34.5531    1485.67 0.0000e+00
   1655.000   54.34346 -158.43160     2.1100    34.5533    1485.69 0.0000e+00
   1656.000   54.34346 -158.43162     2.1094    34.5535    1485.70 0.0000e+00
   1657.000   54.34346 -158.43162     2.1076    34.5539    1485.71 0.0000e+00
   1658.000   54.34346 -158.43162     2.1064    34.5542    1485.72 0.0000e+00
   1659.000   54.34346 -158.43162     2.1051    34.5546    1485.74 0.0000e+00
   1660.000   54.34348 -158.43162     2.1050    34.5544    1485.75 0.0000e+00
   1661.000   54.34348 -158.43162     2.1041    34.5547    1485.77 0.0000e+00
   1662.000   54.34348 -158.43162     2.1030    34.5548    1485.78 0.0000e+00
   1663.000   54.34348 -158.43163     2.1022    34.5551    1485.79 0.0000e+00
   1664.000   54.34348 -158.43164     2.1011    34.5553    1485.80 0.0000e+00
   1665.000   54.34348 -158.43164     2.1008    34.5553    1485.82 0.0000e+00
   1666.000   54.34348 -158.43164     2.0995    34.5556    1485.83 0.0000e+00
   1667.000   54.34348 -158.43164     2.0989    34.5557    1485.85 0.0000e+00
   1668.000   54.34348 -158.43164     2.0984    34.5558    1485.86 0.0000e+00
   1669.000   54.34348 -158.43164     2.0981    34.5558    1485.88 0.0000e+00
   1670.000   54.34348 -158.43164     2.0975    34.5560    1485.89 0.0000e+00
   1671.000   54.34348 -158.43166     2.0938    34.5567    1485.89 0.0000e+00
   1672.000   54.34348 -158.43166     2.0924    34.5568    1485.90 0.0000e+00
   1673.000   54.34348 -158.43166     2.0919    34.5569    1485.92 0.0000e+00
   1674.000   54.34348 -158.43166     2.0893    34.5573    1485.93 0.0000e+00
   1675.000   54.34348 -158.43166     2.0884    34.5575    1485.94 0.0000e+00
   1676.000   54.34348 -158.43166     2.0865    34.5580    1485.95 0.0000e+00
   1677.000   54.34348 -158.43166     2.0851    34.5581    1485.96 0.0000e+00
   1678.000   54.34348 -158.43166     2.0831    34.5585    1485.97 0.0000e+00
   1679.000   54.34348 -158.43168     2.0820    34.5588    1485.98 0.0000e+00
   1680.000   54.34348 -158.43168     2.0788    34.5594    1485.98 0.0000e+00
   1681.000   54.34348 -158.43168     2.0775    34.5595    1486.00 0.0000e+00
   1682.000   54.34348 -158.43168     2.0764    34.5598    1486.01 0.0000e+00
   1683.000   54.34349 -158.43168     2.0747    34.5601    1486.02 0.0000e+00
   1684.000   54.34350 -158.43168     2.0738    34.5602    1486.03 0.0000e+00
   1685.000   54.34350 -158.43168     2.0732    34.5603    1486.05 0.0000e+00
   1686.000   54.34350 -158.43168     2.0732    34.5603    1486.06 0.0000e+00
   1687.000   54.34350 -158.43169     2.0734    34.5604    1486.08 0.0000e+00
   1688.000   54.34350 -158.43170     2.0697    34.5611    1486.08 0.0000e+00
   1689.000   54.34350 -158.43170     2.0685    34.5612    1486.10 0.0000e+00
   1690.000   54.34350 -158.43170     2.0689    34.5611    1486.11 0.0000e+00
   1691.000   54.34350 -158.43170     2.0687    34.5613    1486.13 0.0000e+00
   1692.000   54.34350 -158.43170     2.0689    34.5611    1486.15 0.0000e+00
   1693.000   54.34350 -158.43170     2.0687    34.5612    1486.16 0.0000e+00
   1694.000   54.34350 -158.43170     2.0664    34.5618    1486.17 0.0000e+00
   1695.000   54.34350 -158.43172     2.0657    34.5619    1486.19 0.0000e+00
   1696.000   54.34350 -158.43172     2.0659    34.5617    1486.21 0.0000e+00
   1697.000   54.34350 -158.43172     2.0653    34.5618    1486.22 0.0000e+00
   1698.000   54.34350 -158.43172     2.0655    34.5618    1486.24 0.0000e+00
   1699.000   54.34350 -158.43172     2.0647    34.5621    1486.25 0.0000e+00
   1700.000   54.34350 -158.43172     2.0643    34.5621    1486.27 0.0000e+00
   1701.000   54.34350 -158.43172     2.0644    34.5620    1486.28 0.0000e+00
   1702.000   54.34352 -158.43172     2.0632    34.5624    1486.30 0.0000e+00
   1703.000   54.34352 -158.43172     2.0630    34.5624    1486.31 0.0000e+00
   1704.000   54.34352 -158.43172     2.0634    34.5622    1486.33 0.0000e+00
   1705.000   54.34352 -158.43174     2.0635    34.5622    1486.35 0.0000e+00
   1706.000   54.34352 -158.43174     2.0634    34.5623    1486.36 0.0000e+00
   1707.000   54.34352 -158.43174     2.0629    34.5625    1486.38 0.0000e+00
   1708.000   54.34352 -158.43174     2.0630    34.5623    1486.40 0.0000e+00
   1709.000   54.34352 -158.43174     2.0633    34.5622    1486.41 0.0000e+00
   1710.000   54.34352 -158.43174     2.0632    34.5624    1486.43 0.0000e+00
   1711.000   54.34352 -158.43174     2.0633    34.5624    1486.45 0.0000e+00
   1712.000   54.34352 -158.43174     2.0634    34.5623    1486.47 0.0000e+00
   1713.000   54.34352 -158.43174     2.0624    34.5626    1486.48 0.0000e+00
   1714.000   54.34352 -158.43176     2.0612    34.5629    1486.49 0.0000e+00
   1715.000   54.34352 -158.43176     2.0616    34.5628    1486.51 0.0000e+00
   1716.000   54.34352 -158.43176     2.0603    34.5630    1486.52 0.0000e+00
   1717.000   54.34352 -158.43176     2.0597    34.5631    1486.54 0.0000e+00
   1718.000   54.34353 -158.43176     2.0597    34.5631    1486.55 0.0000e+00
   1719.000   54.34354 -158.43176     2.0597    34.5632    1486.57 0.0000e+00
   1720.000   54.34354 -158.43176     2.0596    34.5633    1486.59 0.0000e+00
   1721.000   54.34354 -158.43176     2.0595    34.5633    1486.60 0.0000e+00
   1722.000   54.34354 -158.43176     2.0589    34.5634    1486.62 0.0000e+00
   1723.000   54.34354 -158.43177     2.0582    34.5636    1486.63 0.0000e+00
   1724.000   54.34354 -158.43178     2.0572    34.5638    1486.65 0.0000e+00
   1725.000   54.34354 -158.43178     2.0563    34.5639    1486.66 0.0000e+00
   1726.000   54.34354 -158.43178     2.0557    34.5640    1486.67 0.0000e+00
   1727.000   54.34354 -158.43178     2.0555    34.5641    1486.69 0.0000e+00
   1728.000   54.34354 -158.43178     2.0554    34.5641    1486.71 0.0000e+00
   1729.000   54.34354 -158.43178     2.0552    34.5642    1486.72 0.0000e+00
   1730.000   54.34354 -158.43179     2.0548    34.5643    1486.74 0.0000e+00
   1731.000   54.34354 -158.43180     2.0550    34.5643    1486.76 0.0000e+00
   1732.000   54.34354 -158.43180     2.0543    34.5645    1486.77 0.0000e+00
   1733.000   54.34354 -158.43180     2.0532    34.5646    1486.78 0.0000e+00
   1734.000   54.34354 -158.43180     2.0524    34.5648    1486.80 0.0000e+00
   1735.000   54.34355 -158.43180     2.0512    34.5651    1486.81 0.0000e+00
   1736.000   54.34356 -158.43180     2.0502    34.5654    1486.82 0.0000e+00
   1737.000   54.34356 -158.43180     2.0490    34.5656    1486.83 0.0000e+00
   1738.000   54.34356 -158.43180     2.0488    34.5656    1486.85 0.0000e+00
   1739.000   54.34356 -158.43180     2.0484    34.5656    1486.86 0.0000e+00
   1740.000   54.34356 -158.43181     2.0481    34.5656    1486.88 0.0000e+00
   1741.000   54.34356 -158.43182     2.0479    34.5657    1486.90 0.0000e+00
   1742.000   54.34356 -158.43182     2.0481    34.5656    1486.92 0.0000e+00
   1743.000   54.34356 -158.43182     2.0473    34.5659    1486.93 0.0000e+00
   1744.000   54.34356 -158.43182     2.0469    34.5659    1486.95 0.0000e+00
   1745.000   54.34356 -158.43182     2.0459    34.5661    1486.96 0.0000e+00
   1746.000   54.34356 -158.43182     2.0450    34.5664    1486.97 0.0000e+00
   1747.000   54.34356 -158.43182     2.0434    34.5667    1486.98 0.0000e+00
   1748.000   54.34356 -158.43182     2.0434    34.5668    1487.00 0.0000e+00
   1749.000   54.34358 -158.43184     2.0432    34.5667    1487.02 0.0000e+00
   1750.000   54.34358 -158.43184     2.0432    34.5668    1487.03 0.0000e+00
   1751.000   54.34358 -158.43184     2.0430    34.5668    1487.05 0.0000e+00
   1752.000   54.34358 -158.43184     2.0424    34.5669    1487.06 0.0000e+00
   1753.000   54.34358 -158.43184     2.0422    34.5668    1487.08 0.0000e+00
   1754.000   54.34358 -158.43184     2.0407    34.5673    1487.09 0.0000e+00
   1755.000   54.34358 -158.43186     2.0405    34.5672    1487.11 0.0000e+00
   1756.000   54.34358 -158.43186     2.0405    34.5673    1487.12 0.0000e+00
   1757.000   54.34358 -158.43186     2.0401    34.5675    1487.14 0.0000e+00
   1758.000   54.34358 -158.43186     2.0395    34.5677    1487.15 0.0000e+00
   1759.000   54.34358 -158.43186     2.0393    34.5677    1487.17 0.0000e+00
   1760.000   54.34358 -158.43186     2.0387    34.5678    1487.18 0.0000e+00
   1761.000   54.34358 -158.43186     2.0379    34.5680    1487.20 0.0000e+00
   1762.000   54.34358 -158.43186     2.0376    34.5680    1487.21 0.0000e+00
   1763.000   54.34358 -158.43188     2.0364    34.5684    1487.23 0.0000e+00
   1764.000   54.34358 -158.43188     2.0352    34.5688    1487.24 0.0000e+00
   1765.000   54.34358 -158.43188     2.0346    34.5687    1487.25 0.0000e+00
   1766.000   54.34358 -158.43188     2.0341    34.5688    1487.27 0.0000e+00
   1767.000   54.34358 -158.43188     2.0336    34.5690    1487.28 0.0000e+00
   1768.000   54.34360 -158.43188     2.0333    34.5690    1487.30 0.0000e+00
   1769.000   54.34360 -158.43190     2.0330    34.5691    1487.32 0.0000e+00
   1770.000   54.34360 -158.43190     2.0329    34.5691    1487.33 0.0000e+00
   1771.000   54.34360 -158.43190     2.0322    34.5692    1487.35 0.0000e+00
   1772.000   54.34360 -158.43190     2.0312    34.5694    1487.36 0.0000e+00
   1773.000   54.34360 -158.43190     2.0285    34.5701    1487.36 0.0000e+00
   1774.000   54.34360 -158.43191     2.0277    34.5702    1487.38 0.0000e+00
   1775.000   54.34360 -158.43192     2.0268    34.5705    1487.39 0.0000e+00
   1776.000   54.34360 -158.43192     2.0267    34.5703    1487.41 0.0000e+00
   1777.000   54.34360 -158.43192     2.0264    34.5705    1487.43 0.0000e+00
   1778.000   54.34360 -158.43192     2.0259    34.5707    1487.44 0.0000e+00
   1779.000   54.34360 -158.43194     2.0221    34.5715    1487.44 0.0000e+00
   1780.000   54.34360 -158.43194     2.0209    34.5716    1487.45 0.0000e+00
   1781.000   54.34360 -158.43194     2.0205    34.5717    1487.47 0.0000e+00
   1782.000   54.34360 -158.43194     2.0201    34.5718    1487.48 0.0000e+00
   1783.000   54.34360 -158.43196     2.0203    34.5719    1487.50 0.0000e+00
   1784.000   54.34360 -158.43196     2.0194    34.5720    1487.51 0.0000e+00
   1785.000   54.34360 -158.43196     2.0177    34.5723    1487.52 0.0000e+00
   1786.000   54.34360 -158.43197     2.0165    34.5726    1487.54 0.0000e+00
   1787.000   54.34360 -158.43198     2.0166    34.5725    1487.55 0.0000e+00
   1788.000   54.34360 -158.43198     2.0166    34.5725    1487.57 0.0000e+00
   1789.000   54.34360 -158.43199     2.0160    34.5725    1487.59 0.0000e+00
   1790.000   54.34360 -158.43200     2.0156    34.5729    1487.60 0.0000e+00
   1791.000   54.34360 -158.43200     2.0152    34.5728    1487.62 0.0000e+00
   1792.000   54.34360 -158.43200     2.0150    34.5729    1487.63 0.0000e+00
   1793.000   54.34360 -158.43200     2.0149    34.5729    1487.65 0.0000e+00
   1794.000   54.34360 -158.43202     2.0143    34.5730    1487.66 0.0000e+00
   1795.000   54.34360 -158.43202     2.0141    34.5730    1487.68 0.0000e+00
   1796.000   54.34360 -158.43204     2.0142    34.5731    1487.70 0.0000e+00
   1797.000   54.34360 -158.43204     2.0143    34.5730    1487.72 0.0000e+00
   1798.000   54.34360 -158.43204     2.0138    34.5732    1487.73 0.0000e+00
   1799.000   54.34360 -158.43205     2.0126    34.5735    1487.74 0.0000e+00
   1800.000   54.34360 -158.43206     2.0113    34.5737    1487.76 0.0000e+00
   1801.000   54.34360 -158.43206     2.0108    34.5739    1487.77 0.0000e+00
   1802.000   54.34360 -158.43207     2.0109    34.5737    1487.79 0.0000e+00
   1803.000   54.34360 -158.43208     2.0109    34.5738    1487.81 0.0000e+00
   1804.000   54.34360 -158.43208     2.0108    34.5738    1487.82 0.0000e+00
   1805.000   54.34360 -158.43209     2.0108    34.5737    1487.84 0.0000e+00
   1806.000   54.34360 -158.43210     2.0108    34.5738    1487.86 0.0000e+00
   1807.000   54.34360 -158.43210     2.0110    34.5738    1487.87 0.0000e+00
   1808.000   54.34360 -158.43212     2.0111    34.5737    1487.89 0.0000e+00
   1809.000   54.34360 -158.43212     2.0102    34.5741    1487.90 0.0000e+00
   1810.000   54.34360 -158.43214     2.0101    34.5739    1487.92 0.0000e+00
   1811.000   54.34360 -158.43214     2.0078    34.5745    1487.93 0.0000e+00
   1812.000   54.34360 -158.43214     2.0075    34.5744    1487.94 0.0000e+00
   1813.000   54.34360 -158.43216     2.0058    34.5749    1487.96 0.0000e+00
   1814.000   54.34360 -158.43216     2.0056    34.5748    1487.97 0.0000e+00
   1815.000   54.34360 -158.43218     2.0054    34.5749    1487.99 0.0000e+00
   1816.000   54.34360 -158.43218     2.0054    34.5750    1488.00 0.0000e+00
   1817.000   54.34360 -158.43220     2.0047    34.5752    1488.02 0.0000e+00
   1818.000   54.34360 -158.43220     2.0020    34.5757    1488.03 0.0000e+00
   1819.000   54.34360 -158.43220     1.9992    34.5763    1488.03 0.0000e+00
   1820.000   54.34360 -158.43222     1.9988    34.5763    1488.05 0.0000e+00
   1821.000   54.34360 -158.43222     1.9968    34.5767    1488.05 0.0000e+00
   1822.000   54.34358 -158.43224     1.9943    34.5771    1488.06 0.0000e+00
   1823.000   54.34358 -158.43226     1.9909    34.5778    1488.06 0.0000e+00
   1824.000   54.34358 -158.43226     1.9853    34.5788    1488.06 0.0000e+00
   1825.000   54.34358 -158.43227     1.9753    34.5809    1488.03 0.0000e+00
   1826.000   54.34358 -158.43228     1.9747    34.5809    1488.05 0.0000e+00
   1827.000   54.34358 -158.43229     1.9726    34.5814    1488.06 0.0000e+00
   1828.000   54.34358 -158.43230     1.9720    34.5816    1488.07 0.0000e+00
   1829.000   54.34358 -158.43230     1.9715    34.5815    1488.09 0.0000e+00
   1830.000   54.34358 -158.43232     1.9708    34.5814    1488.10 0.0000e+00
   1831.000   54.34358 -158.43232     1.9699    34.5817    1488.11 0.0000e+00
   1832.000   54.34358 -158.43234     1.9699    34.5817    1488.13 0.0000e+00
   1833.000   54.34358 -158.43234     1.9698    34.5816    1488.15 0.0000e+00
   1834.000   54.34358 -158.43236     1.9681    34.5820    1488.16 0.0000e+00
   1835.000   54.34358 -158.43237     1.9676    34.5820    1488.17 0.0000e+00
   1836.000   54.34358 -158.43238     1.9668    34.5822    1488.19 0.0000e+00
   1837.000   54.34358 -158.43239     1.9665    34.5822    1488.20 0.0000e+00
   1838.000   54.34358 -158.43240     1.9659    34.5824    1488.22 0.0000e+00
   1839.000   54.34358 -158.43241     1.9651    34.5827    1488.23 0.0000e+00
   1840.000   54.34358 -158.43242     1.9652    34.5825    1488.25 0.0000e+00
   1841.000   54.34358 -158.43242     1.9645    34.5827    1488.26 0.0000e+00
   1842.000   54.34358 -158.43244     1.9645    34.5826    1488.28 0.0000e+00
   1843.000   54.34358 -158.43244     1.9641    34.5828    1488.30 0.0000e+00
   1844.000   54.34358 -158.43245     1.9635    34.5828    1488.31 0.0000e+00
   1845.000   54.34357 -158.43246     1.9618    34.5832    1488.32 0.0000e+00
   1846.000   54.34356 -158.43247     1.9617    34.5832    1488.34 0.0000e+00
   1847.000   54.34356 -158.43248     1.9621    34.5831    1488.35 0.0000e+00
   1848.000   54.34356 -158.43250     1.9622    34.5830    1488.37 0.0000e+00
