tests/resources/garpos_etl/skq201811s_ctd002svpavg.txt
* Sea-Bird SBE 9 Data File:
* FileName = D:\CTD\SKQ201811S\SKQ201811S_ctd002.hex
* Software Version Seasave V 7.26.6.26
* Temperature SN = 4551
* Conductivity SN = 2251
* Number of Bytes Per Scan = 37
* Number of Voltage Words = 4
* Number of Scans Averaged by the Deck Unit = 1
* NMEA Latitude = 54 20.55 N
* NMEA Longitude = 158 25.60 W
* NMEA UTC (Time) = May 15 2018  16:54:01
* NMEA baud rate = 4800
** Ship: R/V Sikuliaq
** Station Number: 002
** Station Name: GPSA2
** Depth: 2158 m
** Operator: EHR
** no PAR
# nquan = 7
# nvalues = 2141                        
# units = specified
# name 0 = depSM: Depth [salt water, m]
# name 1 = latitude: Latitude [deg]
# name 2 = longitude: Longitude [deg]
# name 3 = t090C: Temperature [ITS-90, deg C]
# name 4 = sal00: Salinity, Practical [PSU]
# name 5 = svCM: Sound Velocity [Chen-Millero, m/s]
# name 6 = flag: flag
# span 0 =      3.000,   2143.000       
# span 1 =   54.34259,   54.34376       
# span 2 = -158.43446, -158.42674       
# span 3 =     1.8462,     6.5241       
# span 4 =    32.2461,    34.6076       
# span 5 =    1469.29,    1492.96       
# span 6 = 0.0000e+00, 0.0000e+00       
# interval = meters: 1                  
# start_time = May 15 2018 16:54:01 [NMEA time, header]
# bad_flag = -9.990e-29
*END*
[from data line 2052]
   2055.000   54.34360 -158.43382     1.8678    34.6028    1491.53 0.0000e+00
   2056.000   54.34360 -158.43382     1.8674    34.6029    1491.55 0.0000e+00
   2057.000   54.34360 -158.43382     1.8671    34.6028    1491.56 0.0000e+00
   2058.000   54.34360 -158.43382     1.8666    34.6030    1491.58 0.0000e+00
   2059.000   54.34360 -158.43383     1.8660    34.6031    1491.59 0.0000e+00
   2060.000   54.34360 -158.43384     1.8653    34.6031    1491.61 0.0000e+00
   2061.000   54.34360 -158.43384     1.8645    34.6033    1491.62 0.0000e+00
   2062.000   54.34360 -158.43385     1.8640    34.6034    1491.64 0.0000e+00
   2063.000   54.34360 -158.43386     1.8639    34.6033    1491.65 0.0000e+00
   2064.000   54.34364 -158.43399     1.8659    34.6029    1491.68 0.0000e+00
   2065.000   54.34364 -158.43402     1.8665    34.6029    1491.70 0.0000e+00
   2066.000   54.34364 -158.43402     1.8644    34.6034    1491.71 0.0000e+00
   2067.000   54.34364 -158.43402     1.8639    34.6034    1491.72 0.0000e+00
   2068.000   54.34364 -158.43402     1.8639    34.6035    1491.74 0.0000e+00
   2069.000   54.34366 -158.43404     1.8637    34.6035    1491.75 0.0000e+00
   2070.000   54.34366 -158.43404     1.8624    34.6037    1491.77 0.0000e+00
   2071.000   54.34366 -158.43404     1.8611    34.6040    1491.78 0.0000e+00
   2072.000   54.34366 -158.43404     1.8612    34.6041    1491.80 0.0000e+00
   2073.000   54.34366 -158.43404     1.8608    34.6042    1491.81 0.0000e+00
   2074.000   54.34366 -158.43404     1.8601    34.6042    1491.83 0.0000e+00
   2075.000   54.34366 -158.43404     1.8594    34.6043    1491.84 0.0000e+00
   2076.000   54.34366 -158.43406     1.8583    34.6047    1491.85 0.0000e+00
   2077.000   54.34366 -158.43406     1.8577    34.6047    1491.87 0.0000e+00
   2078.000   54.34366 -158.43406     1.8561    34.6050    1491.88 0.0000e+00
   2079.000   54.34366 -158.43406     1.8552    34.6053    1491.89 0.0000e+00
   2080.000   54.34366 -158.43406     1.8544    34.6054    1491.90 0.0000e+00
   2081.000   54.34366 -158.43406     1.8538    34.6054    1491.92 0.0000e+00
   2082.000   54.34366 -158.43406     1.8540    34.6055    1491.94 0.0000e+00
   2083.000   54.34366 -158.43406     1.8541    34.6054    1491.96 0.0000e+00
   2084.000   54.34366 -158.43406     1.8537    34.6056    1491.97 0.0000e+00
   2085.000   54.34366 -158.43406     1.8534    34.6057    1491.99 0.0000e+00
   2086.000   54.34366 -158.43408     1.8531    34.6056    1492.00 0.0000e+00
   2087.000   54.34366 -158.43408     1.8537    34.6055    1492.02 0.0000e+00
   2088.000   54.34367 -158.43408     1.8537    34.6055    1492.04 0.0000e+00
   2089.000   54.34368 -158.43408     1.8536    34.6057    1492.06 0.0000e+00
   2090.000   54.34368 -158.43408     1.8528    34.6059    1492.07 0.0000e+00
   2091.000   54.34368 -158.43408     1.8524    34.6059    1492.09 0.0000e+00
   2092.000   54.34368 -158.43408     1.8528    34.6058    1492.11 0.0000e+00
   2093.000   54.34368 -158.43408     1.8530    34.6057    1492.12 0.0000e+00
   2094.000   54.34368 -158.43408     1.8532    34.6057    1492.14 0.0000e+00
   2095.000   54.34368 -158.43409     1.8522    34.6060    1492.15 0.0000e+00
   2096.000   54.34368 -158.43410     1.8524    34.6059    1492.17 0.0000e+00
   2097.000   54.34368 -158.43410     1.8517    34.6062    1492.19 0.0000e+00
   2098.000   54.34368 -158.43410     1.8518    34.6061    1492.20 0.0000e+00
   2099.000   54.34368 -158.43410     1.8518    34.6061    1492.22 0.0000e+00
   2100.000   54.34368 -158.43410     1.8516    34.6061    1492.24 0.0000e+00
   2101.000   54.34368 -158.43410     1.8519    34.6061    1492.26 0.0000e+00
   2102.000   54.34368 -158.43410     1.8519    34.6061    1492.27 0.0000e+00
   2103.000   54.34368 -158.43410     1.8519    34.6061    1492.29 0.0000e+00
   2104.000   54.34368 -158.43411     1.8523    34.6060    1492.31 0.0000e+00
   2105.000   54.34368 -158.43412     1.8525    34.6060    1492.33 0.0000e+00
   2106.000   54.34368 -158.43412     1.8525    34.6059    1492.34 0.0000e+00
   2107.000   54.34370 -158.43413     1.8522    34.6060    1492.36 0.0000e+00
   2108.000   54.34370 -158.43414     1.8518    34.6062    1492.38 0.0000e+00
   2109.000   54.34370 -158.43414     1.8518    34.6061    1492.39 0.0000e+00
   2110.000   54.34370 -158.43414     1.8517    34.6062    1492.41 0.0000e+00
   2111.000   54.34370 -158.43415     1.8516    34.6063    1492.43 0.0000e+00
   2112.000   54.34370 -158.43416     1.8516    34.6062    1492.44 0.0000e+00
   2113.000   54.34370 -158.43416     1.8517    34.6062    1492.46 0.0000e+00
   2114.000   54.34370 -158.43416     1.8512    34.6064    1492.48 0.0000e+00
   2115.000   54.34370 -158.43418     1.8502    34.6066    1492.49 0.0000e+00
   2116.000   54.34370 -158.43418     1.8493    34.6068    1492.50 0.0000e+00
   2117.000   54.34370 -158.43419     1.8498    34.6066    1492.52 0.0000e+00
   2118.000   54.34370 -158.43420     1.8500    34.6066    1492.54 0.0000e+00
   2119.000   54.34370 -158.43420     1.8499    34.6067    1492.56 0.0000e+00
   2120.000   54.34370 -158.43421     1.8498    34.6067    1492.58 0.0000e+00
   2121.000   54.34370 -158.43422     1.8495    34.6067    1492.59 0.0000e+00
   2122.000   54.34370 -158.43422     1.8495    34.6067    1492.61 0.0000e+00
   2123.000   54.34370 -158.43424     1.8499    34.6067    1492.63 0.0000e+00
   2124.000   54.34370 -158.43426     1.8499    34.6066    1492.65 0.0000e+00
   2125.000   54.34370 -158.43428     1.8500    34.6066    1492.66 0.0000e+00
   2126.000   54.34370 -158.43429     1.8497    34.6067    1492.68 0.0000e+00
   2127.000   54.34370 -158.43431     1.8494    34.6068    1492.69 0.0000e+00
   2128.000   54.34370 -158.43433     1.8492    34.6069    1492.71 0.0000e+00
   2129.000   54.34370 -158.43435     1.8491    34.6068    1492.73 0.0000e+00
   2130.000   54.34372 -158.43440     1.8497    34.6068    1492.75 0.0000e+00
   2131.000   54.34372 -158.43442     1.8501    34.6067    1492.77 0.0000e+00
   2132.000   54.34372 -158.43442     1.8497    34.6069    1492.78 0.0000e+00
   2133.000   54.34373 -158.43442     1.8496    34.6069    1492.80 0.0000e+00
   2134.000   54.34374 -158.43442     1.8494    34.6069    1492.81 0.0000e+00
   2135.000   54.34374 -158.43443     1.8486    34.6070    1492.83 0.0000e+00
   2136.000   54.34374 -158.43444     1.8483    34.6072    1492.84 0.0000e+00
   2137.000   54.34374 -158.43444     1.8484    34.6072    1492.86 0.0000e+00
   2138.000   54.34374 -158.43444     1.8484    34.6072    1492.88 0.0000e+00
   2139.000   54.34374 -158.43444     1.8487    34.6071    1492.90 0.0000e+00
   2140.000   54.34374 -158.43444     1.8478    34.6073    1492.91 0.0000e+00
   2141.000   54.34374 -158.43444     1.8473    34.6075    1492.93 0.0000e+00
   2142.000   54.34374 -158.43446     1.8466    34.6075    1492.94 0.0000e+00
   2143.000   54.34376 -158.43446     1.8462    34.6076    1492.96 0.0000e+00
