tests/resources/garpos_etl/skq201811s_ctd002svpavg.txt
* Sea-Bird SBE 9 Data File:
* FileName = D:\CTD\SKQ201811S\SKQ201811S_ctd002.hex
* Software Version Seasave V 7.26.6.26
* Temperature SN = 4551
* Conductivity SN = 2251
* Number of Bytes Per Scan = 37
* Number of Voltage Words = 4
* Number of Scans Averaged by the Deck Unit = 1
* NMEA Latitude = 54 20.55 N
* NMEA Longitude = 158 25.60 W
* NMEA UTC (Time) = May 15 2018  16:54:01
* NMEA baud rate = 4800
** Ship: R/V Sikuliaq
** Station Number: 002
** Station Name: GPSA2
** Depth: 2158 m
** Operator: EHR
** no PAR
# nquan = 7
# nvalues = 2141                        
# units = specified
# name 0 = depSM: Depth [salt water, m]
# name 1 = latitude: Latitude [deg]
# name 2 = longitude: Longitude [deg]
# name 3 = t090C: Temperature [ITS-90, deg C]
# name 4 = sal00: Salinity, Practical [PSU]
# name 5 = svCM: Sound Velocity [Chen-Millero, m/s]
# name 6 = flag: flag
# span 0 =      3.000,   2143.000       
# span 1 =   54.34259,   54.34376       
# span 2 = -158.43446, -158.42674       
# span 3 =     1.8462,     6.5241       
# span 4 =    32.2461,    34.6076       
# span 5 =    1469.29,    1492.96       
# span 6 = 0.0000e+00, 0.0000e+00       
# interval = meters: 1                  
# start_time = May 15 2018 16:54:01 [NMEA time, header]
# bad_flag = -9.990e-29
*END*
[from data line 616]
    619.000   54.34298 -158.42845     3.6852    34.1801    1474.51 0.0000e+00
    620.000   54.34298 -158.42846     3.6829    34.1806    1474.51 0.0000e+00
    621.000   54.34298 -158.42846     3.6809    34.1811    1474.52 0.0000e+00
    622.000   54.34298 -158.42846     3.6803    34.1817    1474.54 0.0000e+00
    623.000   54.34298 -158.42846     3.6804    34.1815    1474.55 0.0000e+00
    624.000   54.34298 -158.42847     3.6804    34.1818    1474.57 0.0000e+00
    625.000   54.34298 -158.42848     3.6802    34.1821    1474.59 0.0000e+00
    626.000   54.34298 -158.42848     3.6796    34.1829    1474.60 0.0000e+00
    627.000   54.34298 -158.42848     3.6785    34.1834    1474.62 0.0000e+00
    628.000   54.34298 -158.42848     3.6783    34.1837    1474.63 0.0000e+00
    629.000   54.34298 -158.42850     3.6777    34.1840    1474.65 0.0000e+00
    630.000   54.34298 -158.42850     3.6770    34.1842    1474.66 0.0000e+00
    631.000   54.34298 -158.42850     3.6743    34.1844    1474.67 0.0000e+00
    632.000   54.34298 -158.42850     3.6721    34.1847    1474.67 0.0000e+00
    633.000   54.34298 -158.42850     3.6700    34.1852    1474.68 0.0000e+00
    634.000   54.34298 -158.42852     3.6678    34.1859    1474.69 0.0000e+00
    635.000   54.34298 -158.42852     3.6669    34.1860    1474.70 0.0000e+00
    636.000   54.34298 -158.42852     3.6662    34.1864    1474.72 0.0000e+00
    637.000   54.34298 -158.42852     3.6650    34.1872    1474.73 0.0000e+00
    638.000   54.34298 -158.42854     3.6636    34.1879    1474.74 0.0000e+00
    639.000   54.34298 -158.42854     3.6631    34.1882    1474.76 0.0000e+00
    640.000   54.34298 -158.42854     3.6612    34.1891    1474.77 0.0000e+00
    641.000   54.34298 -158.42855     3.6590    34.1901    1474.78 0.0000e+00
    642.000   54.34298 -158.42856     3.6580    34.1907    1474.79 0.0000e+00
    643.000   54.34298 -158.42856     3.6574    34.1910    1474.80 0.0000e+00
    644.000   54.34298 -158.42856     3.6559    34.1917    1474.81 0.0000e+00
    645.000   54.34298 -158.42856     3.6552    34.1920    1474.83 0.0000e+00
    646.000   54.34298 -158.42856     3.6496    34.1938    1474.82 0.0000e+00
    647.000   54.34298 -158.42858     3.6471    34.1946    1474.83 0.0000e+00
    648.000   54.34298 -158.42858     3.6454    34.1953    1474.84 0.0000e+00
    649.000   54.34298 -158.42858     3.6414    34.1965    1474.84 0.0000e+00
    650.000   54.34299 -158.42859     3.6383    34.1973    1474.85 0.0000e+00
    651.000   54.34300 -158.42860     3.6372    34.1975    1474.86 0.0000e+00
    652.000   54.34300 -158.42860     3.6363    34.1975    1474.87 0.0000e+00
    653.000   54.34300 -158.42860     3.6355    34.1977    1474.89 0.0000e+00
    654.000   54.34300 -158.42860     3.6315    34.1993    1474.89 0.0000e+00
    655.000   54.34300 -158.42862     3.6248    34.2017    1474.88 0.0000e+00
    656.000   54.34300 -158.42862     3.6236    34.2021    1474.89 0.0000e+00
    657.000   54.34300 -158.42862     3.6213    34.2029    1474.90 0.0000e+00
    658.000   54.34300 -158.42862     3.6176    34.2042    1474.90 0.0000e+00
    659.000   54.34300 -158.42862     3.6156    34.2049    1474.91 0.0000e+00
    660.000   54.34300 -158.42864     3.6144    34.2055    1474.92 0.0000e+00
    661.000   54.34300 -158.42864     3.6136    34.2057    1474.94 0.0000e+00
    662.000   54.34300 -158.42864     3.6116    34.2061    1474.95 0.0000e+00
    663.000   54.34300 -158.42865     3.6100    34.2065    1474.96 0.0000e+00
    664.000   54.34300 -158.42866     3.6075    34.2075    1474.96 0.0000e+00
    665.000   54.34300 -158.42866     3.6061    34.2081    1474.98 0.0000e+00
    666.000   54.34300 -158.42866     3.6039    34.2090    1474.98 0.0000e+00
    667.000   54.34300 -158.42866     3.5996    34.2105    1474.98 0.0000e+00
    668.000   54.34300 -158.42867     3.5975    34.2113    1474.99 0.0000e+00
    669.000   54.34300 -158.42868     3.5963    34.2116    1475.01 0.0000e+00
    670.000   54.34300 -158.42868     3.5950    34.2122    1475.02 0.0000e+00
    671.000   54.34300 -158.42868     3.5893    34.2139    1475.01 0.0000e+00
    672.000   54.34300 -158.42869     3.5831    34.2157    1475.01 0.0000e+00
    673.000   54.34300 -158.42870     3.5813    34.2162    1475.02 0.0000e+00
    674.000   54.34300 -158.42870     3.5796    34.2167    1475.02 0.0000e+00
    675.000   54.34300 -158.42870     3.5787    34.2168    1475.04 0.0000e+00
    676.000   54.34300 -158.42872     3.5778    34.2171    1475.05 0.0000e+00
    677.000   54.34300 -158.42872     3.5777    34.2173    1475.07 0.0000e+00
    678.000   54.34300 -158.42872     3.5777    34.2174    1475.09 0.0000e+00
    679.000   54.34300 -158.42872     3.5774    34.2181    1475.10 0.0000e+00
    680.000   54.34300 -158.42874     3.5774    34.2193    1475.12 0.0000e+00
    681.000   54.34300 -158.42874     3.5779    34.2197    1475.14 0.0000e+00
    682.000   54.34302 -158.42874     3.5763    34.2208    1475.15 0.0000e+00
    683.000   54.34302 -158.42874     3.5738    34.2220    1475.16 0.0000e+00
    684.000   54.34302 -158.42876     3.5722    34.2224    1475.17 0.0000e+00
    685.000   54.34302 -158.42876     3.5708    34.2228    1475.18 0.0000e+00
    686.000   54.34302 -158.42876     3.5705    34.2229    1475.20 0.0000e+00
    687.000   54.34302 -158.42876     3.5697    34.2231    1475.21 0.0000e+00
    688.000   54.34302 -158.42876     3.5680    34.2235    1475.22 0.0000e+00
    689.000   54.34302 -158.42878     3.5673    34.2238    1475.23 0.0000e+00
    690.000   54.34302 -158.42878     3.5664    34.2243    1475.25 0.0000e+00
    691.000   54.34302 -158.42878     3.5659    34.2244    1475.26 0.0000e+00
    692.000   54.34302 -158.42878     3.5648    34.2248    1475.27 0.0000e+00
    693.000   54.34302 -158.42880     3.5637    34.2252    1475.29 0.0000e+00
    694.000   54.34302 -158.42880     3.5628    34.2254    1475.30 0.0000e+00
    695.000   54.34302 -158.42880     3.5626    34.2253    1475.31 0.0000e+00
    696.000   54.34302 -158.42882     3.5625    34.2253    1475.33 0.0000e+00
    697.000   54.34302 -158.42882     3.5618    34.2255    1475.35 0.0000e+00
    698.000   54.34302 -158.42882     3.5589    34.2260    1475.35 0.0000e+00
    699.000   54.34302 -158.42882     3.5525    34.2277    1475.34 0.0000e+00
    700.000   54.34302 -158.42883     3.5494    34.2280    1475.35 0.0000e+00
    701.000   54.34302 -158.42884     3.5484    34.2281    1475.36 0.0000e+00
    702.000   54.34302 -158.42884     3.5477    34.2280    1475.37 0.0000e+00
    703.000   54.34302 -158.42884     3.5465    34.2281    1475.39 0.0000e+00
    704.000   54.34302 -158.42884     3.5433    34.2290    1475.39 0.0000e+00
    705.000   54.34302 -158.42886     3.5411    34.2296    1475.40 0.0000e+00
    706.000   54.34302 -158.42886     3.5375    34.2306    1475.40 0.0000e+00
    707.000   54.34304 -158.42886     3.5335    34.2320    1475.40 0.0000e+00
    708.000   54.34304 -158.42887     3.5314    34.2329    1475.41 0.0000e+00
    709.000   54.34304 -158.42888     3.5307    34.2336    1475.43 0.0000e+00
    710.000   54.34304 -158.42888     3.5299    34.2340    1475.44 0.0000e+00
    711.000   54.34304 -158.42888     3.5287    34.2345    1475.45 0.0000e+00
    712.000   54.34304 -158.42889     3.5271    34.2351    1475.46 0.0000e+00
    713.000   54.34304 -158.42890     3.5269    34.2353    1475.48 0.0000e+00
    714.000   54.34304 -158.42890     3.5263    34.2355    1475.49 0.0000e+00
    715.000   54.34304 -158.42890     3.5259    34.2359    1475.51 0.0000e+00
    716.000   54.34304 -158.42891     3.5259    34.2360    1475.53 0.0000e+00
    717.000   54.34304 -158.42892     3.5257    34.2361    1475.54 0.0000e+00
    718.000   54.34304 -158.42892     3.5253    34.2361    1475.56 0.0000e+00
    719.000   54.34304 -158.42892     3.5240    34.2363    1475.57 0.0000e+00
    720.000   54.34304 -158.42892     3.5236    34.2364    1475.58 0.0000e+00
    721.000   54.34304 -158.42894     3.5233    34.2362    1475.60 0.0000e+00
    722.000   54.34304 -158.42894     3.5227    34.2364    1475.61 0.0000e+00
    723.000   54.34304 -158.42894     3.5225    34.2366    1475.63 0.0000e+00
    724.000   54.34304 -158.42896     3.5213    34.2371    1475.64 0.0000e+00
    725.000   54.34304 -158.42896     3.5217    34.2372    1475.66 0.0000e+00
    726.000   54.34304 -158.42896     3.5223    34.2372    1475.68 0.0000e+00
    727.000   54.34304 -158.42896     3.5226    34.2375    1475.70 0.0000e+00
    728.000   54.34304 -158.42896     3.5222    34.2377    1475.71 0.0000e+00
    729.000   54.34304 -158.42897     3.5211    34.2380    1475.72 0.0000e+00
    730.000   54.34304 -158.42898     3.5193    34.2386    1475.73 0.0000e+00
    731.000   54.34304 -158.42898     3.5150    34.2399    1475.73 0.0000e+00
    732.000   54.34304 -158.42899     3.5123    34.2404    1475.74 0.0000e+00
    733.000   54.34304 -158.42900     3.5116    34.2410    1475.75 0.0000e+00
    734.000   54.34304 -158.42900     3.5112    34.2410    1475.77 0.0000e+00
    735.000   54.34304 -158.42900     3.5098    34.2416    1475.78 0.0000e+00
    736.000   54.34306 -158.42900     3.5074    34.2423    1475.79 0.0000e+00
    737.000   54.34306 -158.42902     3.5071    34.2421    1475.81 0.0000e+00
    738.000   54.34306 -158.42902     3.5054    34.2428    1475.81 0.0000e+00
    739.000   54.34306 -158.42902     3.5027    34.2436    1475.82 0.0000e+00
    740.000   54.34306 -158.42902     3.5012    34.2441    1475.83 0.0000e+00
    741.000   54.34306 -158.42904     3.4998    34.2447    1475.84 0.0000e+00
    742.000   54.34306 -158.42904     3.4986    34.2450    1475.86 0.0000e+00
    743.000   54.34306 -158.42904     3.4953    34.2461    1475.86 0.0000e+00
    744.000   54.34306 -158.42904     3.4942    34.2464    1475.87 0.0000e+00
    745.000   54.34306 -158.42905     3.4938    34.2464    1475.89 0.0000e+00
    746.000   54.34306 -158.42906     3.4928    34.2467    1475.90 0.0000e+00
    747.000   54.34306 -158.42906     3.4853    34.2490    1475.89 0.0000e+00
    748.000   54.34306 -158.42906     3.4824    34.2498    1475.89 0.0000e+00
    749.000   54.34306 -158.42906     3.4818    34.2498    1475.91 0.0000e+00
    750.000   54.34306 -158.42908     3.4817    34.2498    1475.92 0.0000e+00
    751.000   54.34306 -158.42908     3.4815    34.2498    1475.94 0.0000e+00
    752.000   54.34306 -158.42908     3.4813    34.2499    1475.96 0.0000e+00
    753.000   54.34306 -158.42908     3.4819    34.2496    1475.97 0.0000e+00
    754.000   54.34306 -158.42909     3.4816    34.2497    1475.99 0.0000e+00
    755.000   54.34306 -158.42910     3.4806    34.2500    1476.00 0.0000e+00
    756.000   54.34306 -158.42910     3.4797    34.2503    1476.01 0.0000e+00
    757.000   54.34306 -158.42910     3.4796    34.2503    1476.03 0.0000e+00
    758.000   54.34306 -158.42910     3.4796    34.2503    1476.05 0.0000e+00
    759.000   54.34306 -158.42910     3.4795    34.2502    1476.07 0.0000e+00
    760.000   54.34306 -158.42912     3.4793    34.2502    1476.08 0.0000e+00
    761.000   54.34306 -158.42912     3.4792    34.2502    1476.10 0.0000e+00
    762.000   54.34306 -158.42912     3.4790    34.2504    1476.11 0.0000e+00
    763.000   54.34306 -158.42912     3.4790    34.2503    1476.13 0.0000e+00
    764.000   54.34306 -158.42913     3.4788    34.2505    1476.15 0.0000e+00
    765.000   54.34306 -158.42914     3.4776    34.2507    1476.16 0.0000e+00
    766.000   54.34306 -158.42914     3.4741    34.2515    1476.16 0.0000e+00
    767.000   54.34306 -158.42914     3.4715    34.2522    1476.17 0.0000e+00
    768.000   54.34306 -158.42914     3.4657    34.2532    1476.16 0.0000e+00
    769.000   54.34306 -158.42915     3.4613    34.2541    1476.16 0.0000e+00
    770.000   54.34306 -158.42916     3.4588    34.2545    1476.17 0.0000e+00
    771.000   54.34306 -158.42916     3.4532    34.2555    1476.16 0.0000e+00
    772.000   54.34306 -158.42916     3.4519    34.2560    1476.17 0.0000e+00
    773.000   54.34306 -158.42916     3.4517    34.2560    1476.19 0.0000e+00
    774.000   54.34306 -158.42916     3.4513    34.2560    1476.20 0.0000e+00
    775.000   54.34306 -158.42917     3.4512    34.2560    1476.22 0.0000e+00
    776.000   54.34306 -158.42918     3.4506    34.2562    1476.24 0.0000e+00
    777.000   54.34306 -158.42918     3.4484    34.2566    1476.24 0.0000e+00
    778.000   54.34306 -158.42918     3.4461    34.2569    1476.25 0.0000e+00
    779.000   54.34306 -158.42918     3.4436    34.2572    1476.26 0.0000e+00
    780.000   54.34306 -158.42919     3.4413    34.2575    1476.26 0.0000e+00
    781.000   54.34306 -158.42920     3.4334    34.2589    1476.25 0.0000e+00
    782.000   54.34306 -158.42920     3.4238    34.2600    1476.23 0.0000e+00
    783.000   54.34306 -158.42920     3.4237    34.2599    1476.24 0.0000e+00
    784.000   54.34306 -158.42920     3.4213    34.2600    1476.25 0.0000e+00
    785.000   54.34306 -158.42921     3.4196    34.2602    1476.26 0.0000e+00
    786.000   54.34306 -158.42922     3.4185    34.2600    1476.27 0.0000e+00
    787.000   54.34306 -158.42922     3.4187    34.2600    1476.29 0.0000e+00
    788.000   54.34308 -158.42922     3.4184    34.2601    1476.30 0.0000e+00
    789.000   54.34308 -158.42922     3.4152    34.2609    1476.31 0.0000e+00
    790.000   54.34308 -158.42924     3.4110    34.2627    1476.31 0.0000e+00
    791.000   54.34308 -158.42924     3.4095    34.2633    1476.32 0.0000e+00
    792.000   54.34308 -158.42924     3.4069    34.2647    1476.33 0.0000e+00
    793.000   54.34308 -158.42924     3.4043    34.2655    1476.34 0.0000e+00
    794.000   54.34308 -158.42924     3.4030    34.2657    1476.35 0.0000e+00
    795.000   54.34308 -158.42924     3.4024    34.2657    1476.36 0.0000e+00
    796.000   54.34308 -158.42926     3.4009    34.2660    1476.37 0.0000e+00
    797.000   54.34308 -158.42926     3.4005    34.2661    1476.39 0.0000e+00
    798.000   54.34308 -158.42926     3.4000    34.2662    1476.40 0.0000e+00
    799.000   54.34308 -158.42926     3.3977    34.2671    1476.41 0.0000e+00
    800.000   54.34308 -158.42926     3.3969    34.2674    1476.42 0.0000e+00
    801.000   54.34308 -158.42928     3.3974    34.2670    1476.44 0.0000e+00
    802.000   54.34308 -158.42928     3.3971    34.2671    1476.46 0.0000e+00
    803.000   54.34308 -158.42928     3.3958    34.2675    1476.47 0.0000e+00
    804.000   54.34308 -158.42928     3.3940    34.2681    1476.48 0.0000e+00
    805.000   54.34308 -158.42928     3.3926    34.2686    1476.49 0.0000e+00
    806.000   54.34308 -158.42928     3.3895    34.2694    1476.49 0.0000e+00
    807.000   54.34308 -158.42928     3.3882    34.2699    1476.51 0.0000e+00
    808.000   54.34308 -158.42930     3.3878    34.2698    1476.52 0.0000e+00
    809.000   54.34308 -158.42930     3.3874    34.2701    1476.54 0.0000e+00
    810.000   54.34308 -158.42930     3.3872    34.2700    1476.55 0.0000e+00
    811.000   54.34308 -158.42931     3.3853    34.2710    1476.56 0.0000e+00
    812.000   54.34308 -158.42932     3.3826    34.2723    1476.57 0.0000e+00
    813.000   54.34308 -158.42932     3.3817    34.2726    1476.58 0.0000e+00
    814.000   54.34308 -158.42932     3.3811    34.2728    1476.60 0.0000e+00
    815.000   54.34308 -158.42932     3.3798    34.2733    1476.61 0.0000e+00
    816.000   54.34308 -158.42932     3.3794    34.2735    1476.62 0.0000e+00
    817.000   54.34308 -158.42932     3.3793    34.2734    1476.64 0.0000e+00
    818.000   54.34308 -158.42932     3.3792    34.2734    1476.66 0.0000e+00
    819.000   54.34308 -158.42932     3.3780    34.2737    1476.67 0.0000e+00
    820.000   54.34308 -158.42934     3.3758    34.2743    1476.68 0.0000e+00
    821.000   54.34308 -158.42934     3.3697    34.2761    1476.67 0.0000e+00
    822.000   54.34308 -158.42934     3.3670    34.2766    1476.68 0.0000e+00
