tests/resources/garpos_etl/skq201811s_ctd002svpavg.txt
* Sea-Bird SBE 9 Data File:
* FileName = D:\CTD\SKQ201811S\SKQ201811S_ctd002.hex
* Software Version Seasave V 7.26.6.26
* Temperature SN = 4551
* Conductivity SN = 2251
* Number of Bytes Per Scan = 37
* Number of Voltage Words = 4
* Number of Scans Averaged by the Deck Unit = 1
* NMEA Latitude = 54 20.55 N
* NMEA Longitude = 158 25.60 W
* NMEA UTC (Time) = May 15 2018  16:54:01
* NMEA baud rate = 4800
** Ship: R/V Sikuliaq
** Station Number: 002
** Station Name: GPSA2
** Depth: 2158 m
** Operator: EHR
** no PAR
# nquan = 7
# nvalues = 2141                        
# units = specified
# name 0 = depSM: Depth [salt water, m]
# name 1 = latitude: Latitude [deg]
# name 2 = longitude: Longitude [deg]
# name 3 = t090C: Temperature [ITS-90, deg C]
# name 4 = sal00: Salinity, Practical [PSU]
# name 5 = svCM: Sound Velocity [Chen-Millero, m/s]
# name 6 = flag: flag
# span 0 =      3.000,   2143.000       
# span 1 =   54.34259,   54.34376       
# span 2 = -158.43446, -158.42674       
# span 3 =     1.8462,     6.5241       
# span 4 =    32.2461,    34.6076       
# span 5 =    1469.29,    1492.96       
# span 6 = 0.0000e+00, 0.0000e+00       
# interval = meters: 1                  
# start_time = May 15 2018 16:54:01 [NMEA time, header]
# bad_flag = -9.990e-29
*END*
[from data line 206]
    209.000   54.34284 -158.42698     4.7862    33.8693    1471.87 0.0000e+00
    210.000   54.34284 -158.42698     4.7825    33.8712    1471.87 0.0000e+00
    211.000   54.34284 -158.42698     4.7765    33.8727    1471.87 0.0000e+00
    212.000   54.34284 -158.42698     4.7699    33.8757    1471.86 0.0000e+00
    213.000   54.34284 -158.42698     4.7696    33.8767    1471.88 0.0000e+00
    214.000   54.34284 -158.42698     4.7696    33.8770    1471.90 0.0000e+00
    215.000   54.34284 -158.42698     4.7694    33.8773    1471.91 0.0000e+00
    216.000   54.34284 -158.42698     4.7679    33.8783    1471.92 0.0000e+00
    217.000   54.34284 -158.42699     4.7663    33.8790    1471.93 0.0000e+00
    218.000   54.34284 -158.42700     4.7615    33.8803    1471.93 0.0000e+00
    219.000   54.34284 -158.42700     4.7494    33.8825    1471.90 0.0000e+00
    220.000   54.34284 -158.42700     4.7458    33.8829    1471.91 0.0000e+00
    221.000   54.34284 -158.42700     4.7417    33.8832    1471.90 0.0000e+00
    222.000   54.34284 -158.42700     4.7320    33.8844    1471.89 0.0000e+00
    223.000   54.34284 -158.42700     4.7246    33.8851    1471.87 0.0000e+00
    224.000   54.34284 -158.42700     4.6997    33.8895    1471.79 0.0000e+00
    225.000   54.34284 -158.42700     4.6931    33.8903    1471.78 0.0000e+00
    226.000   54.34284 -158.42702     4.6851    33.8915    1471.77 0.0000e+00
    227.000   54.34284 -158.42702     4.6650    33.8942    1471.70 0.0000e+00
    228.000   54.34284 -158.42702     4.6497    33.8960    1471.66 0.0000e+00
    229.000   54.34284 -158.42702     4.6467    33.8961    1471.66 0.0000e+00
    230.000   54.34284 -158.42702     4.6393    33.8972    1471.65 0.0000e+00
    231.000   54.34284 -158.42704     4.6362    33.8973    1471.65 0.0000e+00
    232.000   54.34284 -158.42704     4.6289    33.8984    1471.64 0.0000e+00
    233.000   54.34284 -158.42704     4.6117    33.9007    1471.59 0.0000e+00
    234.000   54.34282 -158.42704     4.5904    33.9037    1471.52 0.0000e+00
    235.000   54.34282 -158.42704     4.5818    33.9042    1471.51 0.0000e+00
    236.000   54.34282 -158.42704     4.5757    33.9048    1471.50 0.0000e+00
    237.000   54.34282 -158.42704     4.5658    33.9067    1471.48 0.0000e+00
    238.000   54.34282 -158.42704     4.5587    33.9080    1471.47 0.0000e+00
    239.000   54.34282 -158.42706     4.5523    33.9091    1471.46 0.0000e+00
    240.000   54.34282 -158.42706     4.5507    33.9091    1471.47 0.0000e+00
    241.000   54.34282 -158.42706     4.5436    33.9099    1471.46 0.0000e+00
    242.000   54.34282 -158.42706     4.5352    33.9108    1471.44 0.0000e+00
    243.000   54.34282 -158.42707     4.5241    33.9118    1471.41 0.0000e+00
    244.000   54.34282 -158.42708     4.5221    33.9123    1471.42 0.0000e+00
    245.000   54.34282 -158.42708     4.5176    33.9135    1471.42 0.0000e+00
    246.000   54.34282 -158.42708     4.5098    33.9152    1471.41 0.0000e+00
    247.000   54.34282 -158.42708     4.5055    33.9171    1471.41 0.0000e+00
    248.000   54.34282 -158.42708     4.5041    33.9186    1471.42 0.0000e+00
    249.000   54.34282 -158.42710     4.5018    33.9211    1471.43 0.0000e+00
    250.000   54.34282 -158.42710     4.4986    33.9232    1471.44 0.0000e+00
    251.000   54.34282 -158.42710     4.4939    33.9245    1471.43 0.0000e+00
    252.000   54.34282 -158.42710     4.4931    33.9245    1471.45 0.0000e+00
    253.000   54.34282 -158.42711     4.4925    33.9243    1471.46 0.0000e+00
    254.000   54.34282 -158.42712     4.4912    33.9242    1471.47 0.0000e+00
    255.000   54.34282 -158.42712     4.4879    33.9248    1471.48 0.0000e+00
    256.000   54.34282 -158.42712     4.4848    33.9257    1471.48 0.0000e+00
    257.000   54.34282 -158.42713     4.4838    33.9265    1471.50 0.0000e+00
    258.000   54.34282 -158.42714     4.4841    33.9264    1471.51 0.0000e+00
    259.000   54.34282 -158.42714     4.4837    33.9267    1471.53 0.0000e+00
    260.000   54.34282 -158.42714     4.4817    33.9277    1471.54 0.0000e+00
    261.000   54.34282 -158.42714     4.4799    33.9280    1471.55 0.0000e+00
    262.000   54.34282 -158.42714     4.4782    33.9284    1471.56 0.0000e+00
    263.000   54.34282 -158.42716     4.4737    33.9294    1471.56 0.0000e+00
    264.000   54.34282 -158.42716     4.4700    33.9299    1471.56 0.0000e+00
    265.000   54.34282 -158.42716     4.4669    33.9306    1471.56 0.0000e+00
    266.000   54.34282 -158.42717     4.4589    33.9328    1471.55 0.0000e+00
    267.000   54.34282 -158.42718     4.4521    33.9347    1471.54 0.0000e+00
    268.000   54.34282 -158.42718     4.4449    33.9359    1471.53 0.0000e+00
    269.000   54.34282 -158.42718     4.4412    33.9364    1471.53 0.0000e+00
    270.000   54.34282 -158.42719     4.4396    33.9368    1471.54 0.0000e+00
    271.000   54.34282 -158.42720     4.4390    33.9368    1471.55 0.0000e+00
    272.000   54.34281 -158.42720     4.4377    33.9372    1471.57 0.0000e+00
    273.000   54.34280 -158.42720     4.4339    33.9380    1471.57 0.0000e+00
    274.000   54.34280 -158.42720     4.4272    33.9389    1471.56 0.0000e+00
    275.000   54.34280 -158.42722     4.4250    33.9386    1471.56 0.0000e+00
    276.000   54.34280 -158.42722     4.4200    33.9388    1471.56 0.0000e+00
    277.000   54.34280 -158.42722     4.4138    33.9394    1471.55 0.0000e+00
    278.000   54.34280 -158.42722     4.4086    33.9409    1471.55 0.0000e+00
    279.000   54.34280 -158.42723     4.4041    33.9421    1471.55 0.0000e+00
    280.000   54.34280 -158.42724     4.4010    33.9431    1471.55 0.0000e+00
    281.000   54.34280 -158.42724     4.3993    33.9438    1471.57 0.0000e+00
    282.000   54.34280 -158.42724     4.3979    33.9440    1471.58 0.0000e+00
    283.000   54.34280 -158.42725     4.3977    33.9440    1471.59 0.0000e+00
    284.000   54.34280 -158.42726     4.3945    33.9447    1471.60 0.0000e+00
    285.000   54.34280 -158.42726     4.3935    33.9450    1471.61 0.0000e+00
    286.000   54.34280 -158.42726     4.3922    33.9452    1471.62 0.0000e+00
    287.000   54.34280 -158.42727     4.3885    33.9456    1471.62 0.0000e+00
    288.000   54.34280 -158.42728     4.3757    33.9480    1471.59 0.0000e+00
    289.000   54.34280 -158.42728     4.3630    33.9509    1471.56 0.0000e+00
    290.000   54.34280 -158.42728     4.3601    33.9519    1471.56 0.0000e+00
    291.000   54.34280 -158.42728     4.3564    33.9524    1471.56 0.0000e+00
    292.000   54.34280 -158.42729     4.3545    33.9531    1471.57 0.0000e+00
    293.000   54.34280 -158.42730     4.3529    33.9539    1471.58 0.0000e+00
    294.000   54.34280 -158.42730     4.3487    33.9554    1471.59 0.0000e+00
    295.000   54.34280 -158.42730     4.3427    33.9565    1471.58 0.0000e+00
    296.000   54.34280 -158.42731     4.3350    33.9581    1471.57 0.0000e+00
    297.000   54.34280 -158.42732     4.3301    33.9593    1471.56 0.0000e+00
    298.000   54.34280 -158.42732     4.3286    33.9595    1471.57 0.0000e+00
    299.000   54.34280 -158.42732     4.3227    33.9608    1471.57 0.0000e+00
    300.000   54.34280 -158.42732     4.3205    33.9612    1471.58 0.0000e+00
    301.000   54.34280 -158.42732     4.3190    33.9611    1471.59 0.0000e+00
    302.000   54.34280 -158.42734     4.3186    33.9610    1471.60 0.0000e+00
    303.000   54.34279 -158.42734     4.3173    33.9609    1471.61 0.0000e+00
    304.000   54.34278 -158.42734     4.3150    33.9605    1471.62 0.0000e+00
    305.000   54.34278 -158.42736     4.3155    33.9606    1471.64 0.0000e+00
    306.000   54.34278 -158.42736     4.3113    33.9607    1471.64 0.0000e+00
    307.000   54.34278 -158.42736     4.3108    33.9607    1471.65 0.0000e+00
    308.000   54.34278 -158.42736     4.3093    33.9607    1471.66 0.0000e+00
    309.000   54.34278 -158.42736     4.3077    33.9608    1471.67 0.0000e+00
    310.000   54.34278 -158.42736     4.3019    33.9614    1471.67 0.0000e+00
    311.000   54.34278 -158.42737     4.2968    33.9620    1471.66 0.0000e+00
    312.000   54.34278 -158.42738     4.2915    33.9625    1471.66 0.0000e+00
    313.000   54.34278 -158.42738     4.2708    33.9641    1471.59 0.0000e+00
    314.000   54.34278 -158.42738     4.2510    33.9653    1471.52 0.0000e+00
    315.000   54.34278 -158.42739     4.2315    33.9679    1471.47 0.0000e+00
    316.000   54.34278 -158.42740     4.2224    33.9696    1471.44 0.0000e+00
    317.000   54.34278 -158.42740     4.2187    33.9703    1471.45 0.0000e+00
    318.000   54.34278 -158.42740     4.2155    33.9708    1471.45 0.0000e+00
    319.000   54.34278 -158.42740     4.2108    33.9722    1471.45 0.0000e+00
    320.000   54.34278 -158.42741     4.2075    33.9730    1471.45 0.0000e+00
    321.000   54.34278 -158.42742     4.2062    33.9731    1471.46 0.0000e+00
    322.000   54.34278 -158.42742     4.2035    33.9729    1471.47 0.0000e+00
    323.000   54.34278 -158.42742     4.2000    33.9735    1471.47 0.0000e+00
    324.000   54.34278 -158.42744     4.1878    33.9746    1471.44 0.0000e+00
    325.000   54.34278 -158.42744     4.1869    33.9771    1471.46 0.0000e+00
    326.000   54.34278 -158.42744     4.1871    33.9796    1471.48 0.0000e+00
    327.000   54.34278 -158.42744     4.1782    33.9795    1471.46 0.0000e+00
    328.000   54.34278 -158.42744     4.1728    33.9797    1471.45 0.0000e+00
    329.000   54.34278 -158.42745     4.1697    33.9806    1471.45 0.0000e+00
    330.000   54.34279 -158.42746     4.1732    33.9825    1471.49 0.0000e+00
    331.000   54.34280 -158.42746     4.1726    33.9836    1471.50 0.0000e+00
    332.000   54.34280 -158.42746     4.1647    33.9839    1471.49 0.0000e+00
    333.000   54.34279 -158.42746     4.1589    33.9841    1471.48 0.0000e+00
    334.000   54.34278 -158.42747     4.1566    33.9840    1471.49 0.0000e+00
    335.000   54.34278 -158.42748     4.1551    33.9841    1471.50 0.0000e+00
    336.000   54.34280 -158.42748     4.1546    33.9857    1471.52 0.0000e+00
    337.000   54.34280 -158.42748     4.1503    33.9870    1471.52 0.0000e+00
    338.000   54.34280 -158.42750     4.1469    33.9874    1471.52 0.0000e+00
    339.000   54.34280 -158.42750     4.1452    33.9877    1471.53 0.0000e+00
    340.000   54.34280 -158.42750     4.1447    33.9879    1471.54 0.0000e+00
    341.000   54.34280 -158.42750     4.1442    33.9880    1471.56 0.0000e+00
    342.000   54.34280 -158.42751     4.1441    33.9881    1471.57 0.0000e+00
    343.000   54.34280 -158.42752     4.1381    33.9892    1471.57 0.0000e+00
    344.000   54.34280 -158.42752     4.1265    33.9917    1471.54 0.0000e+00
    345.000   54.34280 -158.42752     4.1231    33.9925    1471.54 0.0000e+00
    346.000   54.34280 -158.42752     4.1219    33.9929    1471.55 0.0000e+00
    347.000   54.34280 -158.42753     4.1213    33.9930    1471.57 0.0000e+00
    348.000   54.34280 -158.42754     4.1207    33.9932    1471.58 0.0000e+00
    349.000   54.34280 -158.42754     4.1197    33.9936    1471.59 0.0000e+00
    350.000   54.34280 -158.42754     4.1195    33.9939    1471.61 0.0000e+00
    351.000   54.34280 -158.42755     4.1193    33.9940    1471.63 0.0000e+00
    352.000   54.34280 -158.42756     4.1189    33.9940    1471.64 0.0000e+00
    353.000   54.34280 -158.42756     4.1166    33.9945    1471.65 0.0000e+00
    354.000   54.34280 -158.42756     4.1147    33.9948    1471.66 0.0000e+00
    355.000   54.34280 -158.42756     4.1113    33.9953    1471.66 0.0000e+00
    356.000   54.34280 -158.42757     4.1022    33.9972    1471.64 0.0000e+00
    357.000   54.34280 -158.42758     4.0984    33.9980    1471.64 0.0000e+00
    358.000   54.34280 -158.42758     4.0935    33.9993    1471.64 0.0000e+00
    359.000   54.34280 -158.42758     4.0923    33.9997    1471.65 0.0000e+00
    360.000   54.34280 -158.42758     4.0925    33.9997    1471.67 0.0000e+00
    361.000   54.34280 -158.42759     4.0924    34.0001    1471.69 0.0000e+00
    362.000   54.34280 -158.42760     4.0927    34.0012    1471.71 0.0000e+00
    363.000   54.34281 -158.42760     4.0935    34.0030    1471.73 0.0000e+00
    364.000   54.34282 -158.42760     4.0911    34.0035    1471.74 0.0000e+00
    365.000   54.34282 -158.42760     4.0908    34.0047    1471.75 0.0000e+00
    366.000   54.34282 -158.42761     4.0926    34.0059    1471.78 0.0000e+00
    367.000   54.34282 -158.42762     4.1005    34.0087    1471.83 0.0000e+00
    368.000   54.34282 -158.42762     4.1050    34.0130    1471.87 0.0000e+00
    369.000   54.34282 -158.42762     4.1048    34.0154    1471.89 0.0000e+00
    370.000   54.34282 -158.42763     4.1026    34.0164    1471.90 0.0000e+00
    371.000   54.34282 -158.42764     4.0998    34.0179    1471.91 0.0000e+00
    372.000   54.34282 -158.42764     4.0899    34.0194    1471.89 0.0000e+00
    373.000   54.34282 -158.42764     4.0803    34.0202    1471.86 0.0000e+00
    374.000   54.34282 -158.42764     4.0758    34.0204    1471.86 0.0000e+00
    375.000   54.34282 -158.42765     4.0750    34.0207    1471.88 0.0000e+00
    376.000   54.34282 -158.42766     4.0739    34.0207    1471.89 0.0000e+00
    377.000   54.34282 -158.42766     4.0731    34.0206    1471.90 0.0000e+00
    378.000   54.34282 -158.42766     4.0726    34.0205    1471.91 0.0000e+00
    379.000   54.34282 -158.42767     4.0718    34.0206    1471.93 0.0000e+00
    380.000   54.34282 -158.42768     4.0718    34.0209    1471.95 0.0000e+00
    381.000   54.34282 -158.42768     4.0697    34.0209    1471.95 0.0000e+00
    382.000   54.34282 -158.42768     4.0625    34.0217    1471.94 0.0000e+00
    383.000   54.34283 -158.42768     4.0589    34.0230    1471.94 0.0000e+00
    384.000   54.34284 -158.42769     4.0562    34.0245    1471.95 0.0000e+00
    385.000   54.34284 -158.42770     4.0527    34.0259    1471.95 0.0000e+00
    386.000   54.34284 -158.42770     4.0524    34.0262    1471.97 0.0000e+00
    387.000   54.34284 -158.42770     4.0519    34.0269    1471.99 0.0000e+00
    388.000   54.34284 -158.42770     4.0517    34.0277    1472.00 0.0000e+00
    389.000   54.34284 -158.42770     4.0505    34.0307    1472.02 0.0000e+00
    390.000   54.34284 -158.42771     4.0488    34.0322    1472.03 0.0000e+00
    391.000   54.34284 -158.42772     4.0488    34.0332    1472.05 0.0000e+00
    392.000   54.34284 -158.42772     4.0507    34.0342    1472.07 0.0000e+00
    393.000   54.34284 -158.42772     4.0512    34.0347    1472.09 0.0000e+00
    394.000   54.34284 -158.42773     4.0517    34.0351    1472.11 0.0000e+00
    395.000   54.34284 -158.42774     4.0523    34.0353    1472.13 0.0000e+00
    396.000   54.34284 -158.42774     4.0526    34.0354    1472.15 0.0000e+00
    397.000   54.34284 -158.42774     4.0532    34.0357    1472.17 0.0000e+00
    398.000   54.34284 -158.42774     4.0531    34.0358    1472.19 0.0000e+00
    399.000   54.34284 -158.42775     4.0556    34.0368    1472.21 0.0000e+00
    400.000   54.34285 -158.42776     4.0557    34.0370    1472.23 0.0000e+00
    401.000   54.34286 -158.42776     4.0553    34.0372    1472.25 0.0000e+00
    402.000   54.34286 -158.42776     4.0566    34.0392    1472.27 0.0000e+00
    403.000   54.34286 -158.42776     4.0564    34.0408    1472.29 0.0000e+00
    404.000   54.34286 -158.42776     4.0476    34.0425    1472.27 0.0000e+00
    405.000   54.34286 -158.42777     4.0456    34.0429    1472.28 0.0000e+00
    406.000   54.34286 -158.42778     4.0429    34.0435    1472.28 0.0000e+00
    407.000   54.34286 -158.42778     4.0411    34.0440    1472.30 0.0000e+00
    408.000   54.34286 -158.42778     4.0402    34.0440    1472.31 0.0000e+00
    409.000   54.34286 -158.42778     4.0342    34.0450    1472.30 0.0000e+00
    410.000   54.34286 -158.42780     4.0309    34.0457    1472.30 0.0000e+00
    411.000   54.34286 -158.42780     4.0272    34.0464    1472.31 0.0000e+00
    412.000   54.34286 -158.42780     4.0258    34.0472    1472.32 0.0000e+00
